===============================
|1    |1    |     |     |     | 1
| 2   | 2   |     |     |     | 2
|  3  |  3  |     |     |     | 3
|   4 |   4 |     |     |     | 4
|    5|    5|     |     |     | 5
===============================
|     |     |1    |     |     | 6
|     |     | 2   |     |     | 7
|     |     |  3  |     |     | 8
|     |     |   4 |     |     | 9
|     |     |    5|     |     | 10
===============================
|     |     |     |1    |     | 11
|     |     |     | 2   |     | 12
|     |     |     |  3  |     | 13
|     |     |     |   4 |     | 14
|     |     |     |    5|     | 15
===============================
|     |     |     |     |1    | 16
|     |     |     |     | 2   | 17
|     |     |     |     |  3  | 18
|     |     |     |     |   4 | 19
|     |     |     |     |    5| 20
===============================
|     |1    |1    |     |     | 21
===============================
|     |   4 |     |     |  3  | 22
|     |     |     |     |   4 | 23
|     |     |     |   4 |     | 24
===============================
|     |     |  3  |    5|     | 25
|     |  3  |     |     |     | 26
===============================
|     |     |     |  3  |     | 27
|     |     |   4 |     |     | 28
===============================
|     |     |     |   4 |     | 29
|     |     |     |     |    5| 30
===============================
|     |     |     |   4 |     | 31
|     |     |     |  3  |     | 32
|     |     | 2   |     |     | 33
===============================
|     |     |   4 |     |     | 34
|     |     |     |     |1    | 35
|     | 2   |     |     |     | 36
===============================
|     |     |    5| 2   |     | 37
|     | 2   |     |     |     | 38
|     |  3  |     |     |    5| 39
===============================
